N:10000
Solving sytem of linear equations with mkl_solver function
            
Matrices before solution
            
Matrix A
[[ 2. -1.  0. ...  0.  0.  0.]
 [-1.  2. -1. ...  0.  0.  0.]
 [ 0. -1.  2. ...  0.  0.  0.]
 ...
 [ 0.  0.  0. ...  2. -1.  0.]
 [ 0.  0.  0. ... -1.  2. -1.]
 [ 0.  0.  0. ...  0. -1.  1.]]
======================
Matrix B
[[0.     0.     0.     ... 0.     0.     0.    ]
 [0.     0.     0.     ... 0.     0.     0.    ]
 [0.     0.     0.     ... 0.     0.     0.    ]
 ...
 [0.     0.     0.     ... 0.     0.     0.    ]
 [0.     0.     0.     ... 0.     0.     0.    ]
 [0.     0.     0.     ... 0.     0.     0.0001]]
            
Matrices after solution
            
Matrix A
[[ 2.00000000e+00 -1.00000000e+00  0.00000000e+00 ...  0.00000000e+00
   0.00000000e+00  0.00000000e+00]
 [-5.00000000e-01  1.50000000e+00 -1.00000000e+00 ...  0.00000000e+00
   0.00000000e+00  0.00000000e+00]
 [ 0.00000000e+00 -6.66666667e-01  1.33333333e+00 ...  0.00000000e+00
   0.00000000e+00  0.00000000e+00]
 ...
 [ 0.00000000e+00  0.00000000e+00  0.00000000e+00 ...  1.00010002e+00
  -1.00000000e+00  0.00000000e+00]
 [ 0.00000000e+00  0.00000000e+00  0.00000000e+00 ... -9.99899990e-01
   1.00010001e+00 -1.00000000e+00]
 [ 0.00000000e+00  0.00000000e+00  0.00000000e+00 ...  0.00000000e+00
  -9.99900000e-01  1.00000000e-04]]
======================
Matrix B
[[0.000e+00 0.000e+00 0.000e+00 ... 0.000e+00 0.000e+00 1.000e-04]
 [0.000e+00 0.000e+00 0.000e+00 ... 0.000e+00 0.000e+00 2.000e-04]
 [0.000e+00 0.000e+00 0.000e+00 ... 0.000e+00 0.000e+00 3.000e-04]
 ...
 [0.000e+00 0.000e+00 0.000e+00 ... 0.000e+00 0.000e+00 9.998e-01]
 [0.000e+00 0.000e+00 0.000e+00 ... 0.000e+00 0.000e+00 9.999e-01]
 [0.000e+00 0.000e+00 0.000e+00 ... 0.000e+00 0.000e+00 1.000e+00]]
======================
Time spent with mkl_solver function: 2.835804 s
            
======================================================================
======================================================================
            
Solving sytem of linear equations with mkl_solver function
            
Matrices before solution
            
Matrix A
[[ 2.00000000e+00 -1.00000000e+00  0.00000000e+00 ...  0.00000000e+00
   0.00000000e+00  0.00000000e+00]
 [-5.00000000e-01  1.50000000e+00 -1.00000000e+00 ...  0.00000000e+00
   0.00000000e+00  0.00000000e+00]
 [ 0.00000000e+00 -6.66666667e-01  1.33333333e+00 ...  0.00000000e+00
   0.00000000e+00  0.00000000e+00]
 ...
 [ 0.00000000e+00  0.00000000e+00  0.00000000e+00 ...  1.00010002e+00
  -1.00000000e+00  0.00000000e+00]
 [ 0.00000000e+00  0.00000000e+00  0.00000000e+00 ... -9.99899990e-01
   1.00010001e+00 -1.00000000e+00]
 [ 0.00000000e+00  0.00000000e+00  0.00000000e+00 ...  0.00000000e+00
  -9.99900000e-01  1.00000000e-04]]
======================
Matrix B
[[0.000e+00 0.000e+00 0.000e+00 ... 0.000e+00 0.000e+00 1.000e-04]
 [0.000e+00 0.000e+00 0.000e+00 ... 0.000e+00 0.000e+00 2.000e-04]
 [0.000e+00 0.000e+00 0.000e+00 ... 0.000e+00 0.000e+00 3.000e-04]
 ...
 [0.000e+00 0.000e+00 0.000e+00 ... 0.000e+00 0.000e+00 9.998e-01]
 [0.000e+00 0.000e+00 0.000e+00 ... 0.000e+00 0.000e+00 9.999e-01]
 [0.000e+00 0.000e+00 0.000e+00 ... 0.000e+00 0.000e+00 1.000e+00]]
            
Matrices after solution
            
Matrix A
[[ 2.         -1.          0.         ...  0.          0.
   0.        ]
 [-0.25        1.375      -1.         ...  0.          0.
   0.        ]
 [ 0.         -0.48484848  1.01010101 ...  0.          0.
   0.        ]
 ...
 [ 0.          0.          0.         ...  1.00010001 -1.
   0.        ]
 [ 0.          0.          0.         ... -0.9998     -1.48889603
  -1.        ]
 [ 0.          0.          0.         ... -0.99980001  0.67143709
  -0.32836435]]
======================
Matrix B
[[ 0.00000000e+00  0.00000000e+00  0.00000000e+00 ...  0.00000000e+00
   0.00000000e+00 -2.23697346e-04]
 [ 0.00000000e+00  0.00000000e+00  0.00000000e+00 ...  0.00000000e+00
   0.00000000e+00 -1.09478938e-03]
 [ 0.00000000e+00  0.00000000e+00  0.00000000e+00 ...  0.00000000e+00
   0.00000000e+00 -2.59550310e-03]
 ...
 [ 0.00000000e+00  0.00000000e+00  0.00000000e+00 ...  0.00000000e+00
   0.00000000e+00 -1.00244717e+00]
 [ 0.00000000e+00  0.00000000e+00  0.00000000e+00 ...  0.00000000e+00
   0.00000000e+00 -1.00019982e+00]
 [ 0.00000000e+00  0.00000000e+00  0.00000000e+00 ...  0.00000000e+00
   0.00000000e+00 -9.97952723e-01]]
======================
Time spent with mkl_solver_symm function: 4.762815 s
