Quadrature no.  Integration Result   Percent error   Run time (s)   
--------------------------------------------------------------------
1               0.0000000000         100.00          0.000050       
--------------------------------------------------------------------
2               0.7043259095         4.27            0.000040       
--------------------------------------------------------------------
3               0.7353621442         0.05            0.000068       
--------------------------------------------------------------------
4               0.7357565068         0.00            0.000075       
--------------------------------------------------------------------
5               0.7357588741         0.00            0.000082       
--------------------------------------------------------------------
6               0.7357588823         0.00            0.000095       
--------------------------------------------------------------------
7               0.7357588823         0.00            0.000106       
--------------------------------------------------------------------
8               0.7357588823         0.00            0.000106       
--------------------------------------------------------------------
9               0.7357588823         0.00            0.000145       
--------------------------------------------------------------------
10              0.7357588823         0.00            0.000134       
--------------------------------------------------------------------
11              0.7357588823         0.00            0.000116       
--------------------------------------------------------------------
12              0.7357588823         0.00            0.000158       
--------------------------------------------------------------------
13              0.7357588823         0.00            0.000172       
--------------------------------------------------------------------
14              0.7357588823         0.00            0.000207       
--------------------------------------------------------------------
15              0.7357588823         0.00            0.000225       
--------------------------------------------------------------------
16              0.7357588823         0.00            0.000229       
--------------------------------------------------------------------
17              0.7357588823         0.00            0.000231       
--------------------------------------------------------------------
18              0.7357588823         0.00            0.000243       
--------------------------------------------------------------------
19              0.7357588823         0.00            0.000291       
--------------------------------------------------------------------
20              0.7357588823         0.00            0.000305       
--------------------------------------------------------------------
                                                                    
Total runtime:  0.005082607269287109
