Quadrature no. Integration Result  Percent error  Run time (s)   
-----------------------------------------------------------------
1              0.0000000000        100.00         0.000047       
-----------------------------------------------------------------
2              0.7043259095        4.27           0.000053       
-----------------------------------------------------------------
3              0.7353621442        0.05           0.000118       
-----------------------------------------------------------------
4              0.7357565068        0.00           0.000068       
-----------------------------------------------------------------
5              0.7357588741        0.00           0.000139       
-----------------------------------------------------------------
6              0.7357588823        0.00           0.000081       
-----------------------------------------------------------------
7              0.7357588823        0.00           0.000101       
-----------------------------------------------------------------
8              0.7357588823        0.00           0.000208       
-----------------------------------------------------------------
9              0.7357588823        0.00           0.000109       
-----------------------------------------------------------------
10             0.7357588823        0.00           0.000113       
-----------------------------------------------------------------
11             0.7357588823        0.00           0.000133       
-----------------------------------------------------------------
12             0.7357588823        0.00           0.000139       
-----------------------------------------------------------------
13             0.7357588823        0.00           0.000146       
-----------------------------------------------------------------
14             0.7357588823        0.00           0.000151       
-----------------------------------------------------------------
15             0.7357588823        0.00           0.000169       
-----------------------------------------------------------------
16             0.7357588823        0.00           0.000373       
-----------------------------------------------------------------
17             0.7357588823        0.00           0.000402       
-----------------------------------------------------------------
18             0.7357588823        0.00           0.000459       
-----------------------------------------------------------------
19             0.7357588823        0.00           0.000239       
-----------------------------------------------------------------
20             0.7357588823        0.00           0.000265       
-----------------------------------------------------------------
                                                                 
Total runtime: 0.003527            
